0.000000 0
0.017453 1
0.034907 2
0.052360 3
0.069813 4
0.087266 5
0.104720 6
0.122173 7
0.139626 8
0.157080 9
0.174533 10
0.191986 11
0.209440 12
0.226893 13
0.244346 14
0.261799 15
0.279253 16
0.296706 17
0.314159 18
0.331613 19
0.349066 20
0.366519 21
0.383972 22
0.401426 23
0.418879 24
0.436332 25
0.453786 26
0.471239 27
0.488692 28
0.506145 29
0.523599 30
0.541052 31
0.558505 32
0.575959 33
0.593412 34
0.610865 35
0.628319 36
0.645772 37
0.663225 38
0.680678 39
0.698132 40
0.715585 41
0.733038 42
0.750492 43
0.767945 44
0.785398 45
0.802851 46
0.820305 47
0.837758 48
0.855211 49
0.872665 50
0.890118 51
0.907571 52
0.925025 53
0.942478 54
0.959931 55
0.977384 56
0.994838 57
1.012291 58
1.029744 59
1.047198 60
1.064651 61
1.082104 62
1.099557 63
1.117011 64
1.134464 65
1.151917 66
1.169371 67
1.186824 68
1.204277 69
1.221730 70
1.239184 71
1.256637 72
1.274090 73
1.291544 74
1.308997 75
1.326450 76
1.343904 77
1.361357 78
1.378810 79
1.396263 80
1.413717 81
1.431170 82
1.448623 83
1.466077 84
1.483530 85
1.500983 86
1.518436 87
1.535890 88
1.553343 89
1.570796 90
